49443530 49217537 8.3068
49643211 49217537 7.35092
49217545 49217537 4.59828
49217534 49217537 4.56808
4616436417 49086467 5.34668
49086467 48986836 10.94552
4616444095 49086467 7.19052
49350928 49217545 8.3176
49217547 49217545 4.50824
1688072063 49217547 2.3396
49467761 49217547 4.82848
1129672128 49348622 0.8352
49348622 49062069 20.12564
49468033 49348622 9.22292
49485614 49086482 2.83324
3404082389 49086482 3.69732
49086483 49086482 2.96892
49217559 49217557 3.85344
49217557 4343146260 1.10836
49443541 49217557 8.313
49142305 49217557 7.8822
1464991766 670772496 13.26908
1164676330 1464991766 0.60992
2666304925 1464991766 8.292
1164674942 1464991766 10.77208
49086490 49086487 4.07972
49217562 49217559 4.11156
49540031 49217559 8.19776
49067596 49283097 8.85476
49072485 49283097 14.25048
49552184 49283097 2.92472
49268673 49086490 17.16212
49687281 49086490 3.24712
49044257 49217562 4.15496
49313570 49217562 6.52692
49020959 673059376 14.50956
49020959 49307071 8.766169231
1835159887 49020959 4.864461538
49112984 49217567 3.45328
49581762 49217567 3.31116
49098675 49217567 4.61248
49050932 49217567 4.66608
49086502 49086501 2.678
49213368 49086501 3.0874
49194937 49086501 8.3708
49217577 49217573 3.37084
49080949 49217573 3.4232
49217573 49050935 4.635
49098677 49217573 4.63048
49086506 49086505 1.48092
49064401 49086506 7.4908
49210466 49086506 3.35428
49217580 49217577 3.43636
49217577 49098678 4.648
49050936 49217577 4.61716
49217580 49050937 3.8302
49098679 49217580 3.912433333
48992238 49741872 4.91928
49128603 49741872 7.09432
49561925 49741872 4.6022
49358964 49217586 8.2754
49193891 49217586 4.02564
49044257 49217586 4.23652
49358967 49217586 8.20232
49428873 435879987 3.271
49504850 435879987 0.46948
435879989 435879987 2.58344
1336388492 49217589 1.94132
4599945092 49217589 2.03408
49365330 49217589 4.09732
5995461397 49217589 1.30964
49741878 49561932 4.71492
49175736 49741878 2.22508
49583051 49741878 7.07244
49026075 49741878 2.36916
279047338 49741878 3.72176
49217602 49217600 4.19768
3696259387 49217600 7.60244
48934830 49217600 8.05948
49098692 49217602 8.19736
49217605 49217602 3.9958
49050944 49217602 3.98524
49098694 49217605 8.144
49217609 49217605 3.99564
49098696 49217609 8.144
49083537 49217609 4.0518
49050945 49217609 4.0208
49064172 2009727051 1.8892
49501918 49479756 8.27076
49479760 49479756 4.67952
49149202 49479756 4.65328
49647330 49479756 8.42672
49216348 49348685 4.32976
49346551 49152079 3.56916
49098140 49152079 2.78156
49124113 49152079 2.72192
49124115 49152079 8.5376
49098685 49217615 7.8726
49325708 49217615 8.095
49217621 49217615 3.96428
49083537 49217615 3.9956
49155487 49086544 2.00448
49086544 49443107 2.13424
49443107 49086544 11.75796
49501920 49479760 8.28216
2430676120 49479760 2.48868
49094698 49676372 1.80068
276693077 49755445 6.395738462
49755418 276693077 20.47433846
275270311 276693077 17.14124
275185749 48915919 28.22984
49022312 275185749 7.7184
1239329634 275185749 6.72172
49182145 275185749 13.21276
49098687 49217621 7.90116
49217625 49217621 4.08692
49725205 49217621 5.94848
49406841 49406834 3.80476
49098689 49217625 7.8726
49493067 49217625 8.0952
49064761 49217625 3.8352
49338307 49348700 3.40692
49670994 49348700 3.8196
49348702 49348700 7.13228
49338312 49348702 3.30424
49348703 49348702 8.74512
49338317 49348703 3.077966667
49624347 49348703 2.7861
49344176 49414241 3.39428
49249722 49414241 3.48392
49551718 49414241 4.6658
49110715 49414241 4.63056
49348709 49348707 2.75668
49155999 49348707 3.43028
49187575 49348707 1.90808
49155988 49348707 10.69992
5158312312 49348709 4.00388
49253000 49348709 9.90088
49476115 49348710 5.15652
49106516 49348710 3.56008
49348720 49348710 10.9988
49083491 49414247 3.39788
49344176 49414247 3.39788
49551720 49414247 4.6558
49110717 49414247 4.60932
49401507 49217639 8.05988
49217644 49217639 3.62532
49100908 49217639 3.65152
1713804785 49217639 7.23132
49083491 49414252 3.40616
49332044 49414252 3.44612
49551722 49414252 4.69704
49110718 49414252 4.64856
49283191 49283181 9.27684
49388232 49283181 6.76132
49388218 49283181 2.36756
49332044 49414254 3.25564
49110720 49414254 4.66576
4737161804 49414254 3.65592
49044253 49414254 9.3436
49561912 49217644 8.07324
49106958 49217644 3.62528
49045925 49217644 8.12332
49106521 49348720 3.99336
49229626 49348720 9.26564
49070833 49217653 2.56288
49106958 49217653 2.39408
49357322 49217653 8.64824
49367968 49283191 3.05236
49367966 49283191 1.33076
49401411 49414263 3.39776
49551694 49414263 2.9584
366239931 49414263 8.5046
49110723 49414263 4.8006
2009727097 2009727097 4.03688
49192077 2009727097 3.2308
49609539 4018995323 6.02908
4018993045 4018995323 7.58992
4018993040 4018995323 5.57592
49285162 49217662 8.2138
49285160 49217662 8.40988
49047605 49217662 4.5764
49070833 49217662 4.46504
49386504 49283201 4.5242
49580367 49283201 3.8682
49047605 49217665 2.25684
49414287 49414284 3.44812
49414284 275984912 2.09384
49110702 49414284 4.626
49344786 49414284 3.4446
673054861 49306949 19.58596
673054861 48883574 1.865111111
49065129 673054861 3.276044444
49152144 49152143 3.41228
49407647 49152143 5.56068
49348900 49152143 3.39808
49295407 49414287 3.40444
49414287 49110703 4.65172
49767224 49414287 6.7424
49414290 49110705 4.64472
49313729 49414290 3.39772
49295407 49414290 3.39784
49551712 49414290 4.3946
49152148 49152147 2.882
49348900 49152147 0.19392
49407642 49152147 2.44712
49617426 49283224 5.24404
49283228 49283224 2.527
48961873 49283224 9.22692
49788657 49283228 5.1794
49283241 49283228 17.32856
49605188 49414303 4.09564
49605185 49414303 1.65832
48917404 49414303 6.19888
49217704 49217702 8.83744
49539071 49217704 3.56728
49583071 49217704 6.85416
49283243 49283241 2.50608
49283256 49283241 28.43132
49283246 49283243 4.35256
49484107 49283243 4.11124
49283252 49283246 8.82692
49191807 49283246 12.18652
48890031 49756922 9.9696
48890031 1229080094 14.392
6042797995 48890031 2.31652
49283256 49283252 7.66268
49202797 49283252 5.223
49172347 49479862 8.36532
49080210 49283256 4.14244
49336121 49610936 1.31552
49086653 49086649 6.4284
49395798 49086649 6.65636
49092771 49086649 7.16604
48890044 276750708 14.46249231
49756922 48890044 1.7426
48949146 48890044 3.831
1811066466 49283261 0.5152
49283261 4341706967 7.78528
1175131251 49283261 3.1352
49057731 49086653 3.32404
49057734 49086653 10.4822
49426323 49283263 8.06124
49087840 49283263 6.04976
49133770 49283263 5.39492
49081073 49086657 9.81556
49057731 49086657 5.55516
49270902 49086657 15.5298
49280312 49511062 5.08828
4600209518 49511062 1.76432
49146798 49511062 7.11828
49460568 49511062 5.0264
49088652 49676487 1.35
49061105 49283276 15.57916
49096011 49283276 20.047
49170825 49283276 8.79268
49120291 49120290 4.85272
49120287 49120290 5.70816
49233204 49120290 3.20424
49276585 49276600 9.74984
49667574 49276600 9.68308
49144655 49276600 4.87956
49215414 49348815 4.94272
49092337 49348815 6.56496
49144087 49348815 5.64244
49086679 49086678 2.527
49552427 49086678 5.34404
49640687 49086678 8.87732
49086680 49086679 2.58848
1167694346 49086679 5.69456
49414361 49414360 4.09588
49485458 49414360 4.1234
49346166 49414360 6.92236
49459427 49414361 7.007
49200884 49414361 4.03948
49105668 4686217434 4.0304
49094698 49086680 2.82344
49086681 49086680 1.855
277348578 1357347279 12.1176
277348578 277348979 8.57472
48950167 277348578 24.42476
49152233 49152231 2.87568
49152238 49152233 3.601
49509887 49152233 6.46704
49468609 49414378 3.9328
49052793 49414378 6.61792
49165730 49414378 4.14988
49414384 49414378 5.35944
49623083 49152238 3.40252
49322869 49152238 11.31168
49468612 49414384 4.4446
49414394 49414384 5.03708
49134862 49152240 8.81696
49490091 49676530 2.60592
49433002 49676535 1.24608
49165426 48890105 3.08856
48890106 48890105 0.22816
49064035 48890105 4.36508
49117390 49414394 10.27404
49608391 49414394 3.55428
49223828 49414394 3.65056
48895950 48890106 4.15212
49561951 48890106 6.50696
5423890687 5423890684 4.92516
49223828 49414396 2.59872
49298784 49414396 9.7152
2438351106 49414396 3.20232
49576069 5423890687 7.0558
49194499 5423890687 9.581028571
49137021 48890113 3.96584
48890114 48890113 0.59156
49094111 48890113 4.58152
49094104 48890114 1.748
49270424 48890114 2.23564
1188766164 48890115 1.15716
49098675 48890115 3.04596
49410776 48890115 3.49312
1188766170 48890115 1.93832
49274406 48890117 4.04972
48890118 48890117 0.95004
49068114 48890117 7.404
48890120 48890118 3.51692
49520040 48890118 6.94432
565321239 48890120 1.01024
49072363 48890120 3.7414
48890122 48890121 1.20096
48904951 48890121 3.86524
49040798 48890121 3.39672
49531325 48890122 8.2996
49229719 48890122 2.88056
5263061297 6382878995 5.24764
3782888448 6382878995 3.8002
6382878996 6382878995 1.47296
6382879009 6382878996 0.95084
6382879011 6382878996 1.60132
6382879004 6382879003 2.61004
6382879009 6382879003 3.8614
6382879009 6382879003 8.1658
6382879013 6382879004 2.2228
6382879011 6382879004 3.86712
6382879013 6382879005 0.80648
6382879012 6382879008 0.82556
6382879012 6382879011 2.20944
49348902 49348900 4.93688
6382879013 6382879012 3.8548
48972961 49086759 7.98756
49167770 49152297 3.98684
49091065 49152297 11.20612
49505984 49152297 6.00024
4341498154 6050254514 0.41988
4341498154 1744991310 7.62784
4341505019 4341498154 1.90368
1744991317 4341498154 0.49992
49086763 49086761 4.90304
49087869 49086761 4.31948
49192883 49086761 6.80768
49086764 49086763 2.32696
49379869 49086763 6.56512
48871304 49086763 2.57008
49086766 49086764 2.21904
49301497 49086764 6.60792
49076741 49086766 2.42948
49219495 49086766 2.7708
49220890 49086766 5.05028
49076741 49086767 4.79996
1188763120 49086767 3.77404
49219484 49086767 2.830866667
49406905 49086767 2.8525
49086768 49219487 3.50392
1188763120 49086768 0.54236
49086769 49086768 4.21924
49389073 49086768 3.3278
49353189 49086769 3.29628
49086770 49086769 4.2752
49219489 49086769 3.49648
49086770 49007527 3.44848
49190262 4341498165 4.1252
4341498165 49344871 3.82636
49344871 4341498165 3.73992
49086775 49086774 3.57936
49219471 49086774 3.37552
777387210 49086774 4.00164
49219462 49086777 1.82976
49086777 48914010 6.19688
49348926 49348924 2.1336
49223736 49348924 1.6906
49137761 49348924 5.47204
49571694 49348924 1.17044
49734576 49348926 1.33268
49348935 49348926 5.56696
49509830 49152319 2.05504
49098205 49152319 2.87872
49509825 49152319 3.54436
49460838 49480007 5.3902
49396074 49480007 7.8926
49571918 49480007 3.70024
49137761 49348935 12.63328
49137761 49348935 8.27604
49047914 49348938 4.9582
49086799 49086798 16.04968
49438496 49086798 4.16852
49542792 49086798 4.13828
49236107 49086799 4.07932
3570881696 49086799 12.15296
49236110 49086799 4.25132
48890205 48890204 3.576
49346700 48890204 7.08428
6377443475 48890204 2.67552
49354505 49086814 0.68252
49461849 49086814 1.40296
49086817 49086814 4.38188
1164674999 1164674925 1.66308
1164675285 1164674925 3.62908
1164675125 1164674925 3.02048
49082537 49348962 9.05624
49082536 49348962 12.94632
49653206 49348962 4.21268
49021285 3379002401 10.14375
304728677 49021285 1.125175
296869755 49021285 1.907
1164670790 1164674927 1.98392
1164675021 1164674927 4.64584
1164675169 1164674927 3.87856
1164675045 1164674927 1.77356
49086827 49086825 2.11424
49210273 49086825 15.2636
49618604 49086825 15.27776
49389791 49086827 1.03736
49670444 49086827 1.94056
49247387 49414511 6.99836
49086835 49086831 3.3406
49217907 49217905 3.07588
49094390 49217905 3.9228
49053263 49217905 9.865
1164675125 1164674929 2.02904
1164674911 1164674929 2.52312
1164675265 1164674929 2.26352
49056374 49217907 3.65124
49053265 49217907 9.30592
49368908 49086835 5.12496
49091044 49086835 2.97868
49480060 49480055 2.48592
49112942 49480055 17.53964
49334533 49480055 8.30464
49056374 49217913 7.73304
49582767 49217913 5.874
49094394 49217913 3.32852
49539079 49480060 3.49848
49480065 49480060 1.71348
49480067 49480065 8.09268
49334534 49480065 5.32776
49480069 49480067 8.0262
49539081 49480067 5.32648
49634591 49480067 5.32428
49539086 49480069 4.37584
49634592 49480069 5.47844
49312320 49480072 3.456
49498010 49480072 3.353
49312318 49480072 15.47628
2481834428 49152398 0.45532
49152398 49082356 23.4212
392003524 49152398 10.83064
49098668 49152398 4.40592
49414559 49414549 4.49112
49098672 49152413 3.13548
2481834428 49152413 14.04416
49082370 49152413 20.87612
48864712 49152413 9.28772
49217951 49217950 7.99316
49099659 49217950 3.62684
49304242 49217950 0.116
49216132 49414559 4.60648
49379285 49414559 7.67696
49442656 49414559 7.63404
49217953 49217951 7.85564
49099660 49217951 3.7132
2850005685 49217953 1.93304
49581045 49217953 3.6832
49551761 49217956 8.0174
49564573 49414570 4.54132
49564571 49414570 2.09072
49216132 49414570 3.6734
49086898 49086893 4.24536
49119660 49086893 8.9088
49119646 49086893 11.62272
49258383 49086898 7.0586
49086903 49086898 6.06476
49184424 49086898 9.2688
49061001 49152437 3.23104
49434458 49152437 6.09916
4934699594 49152437 3.83912
49306352 49086903 3.0722
49258383 49086903 6.42036
49395839 49152440 7.58668
49395836 49152440 4.88168
49331750 49152440 3.89208
49085233 49480120 7.46792
49659690 49480120 3.47904
1130207516 49480120 16.72676
49084441 49217979 3.16768
49243027 49217979 3.66068
49243006 49217979 9.42012
357564863 357564863 4.82388
3877629704 357564863 29.20412
49152458 49152448 11.42812
49152448 49259544 6.70484
49259544 49152448 6.81236
48951912 49152448 4.4262
49414604 49414600 3.45056
49092202 49283530 8.10852
49283560 49283530 23.47804
48930844 49283530 3.41164
49152460 49152458 0.54288
49350969 49152458 1.59252
49309119 49152458 2.64424
49350124 49414604 2.85024
49414610 49414604 4.79128
5234033116 5234033112 0.4036
5234033112 5234033114 1.93176
5234033137 5234033112 4.767
5234033114 5234033115 0.51232
5234033114 5234033115 5.07276
5234033118 5234033114 0.41732
5234033115 5234033119 0.44372
5234033138 5234033116 4.91288
5234033118 5234033116 1.92712
49146384 49146396 7.43972
49146384 49146396 11.39612
49611339 49146396 3.3206
5234033119 5234033118 0.50856
5234033128 5234033118 8.29628
5234033119 5234033128 8.1528
5234033132 5234033120 1.26652
5234033138 5234033120 2.21004
5234033137 5234033120 17.95996
49414635 49414625 4.13092
49391974 49414625 2.61228
49282009 49414625 14.60768
5234033137 5234033126 0.80604
49522521 49283560 4.98796
49283564 49283560 5.06448
49091074 5234033128 0.75108
49091074 5234033128 18.71224
5234033128 1923492582 6.19684
49145816 49283564 2.2824
49283566 49283564 2.90008
49365285 49283564 2.3144
49459519 49283566 4.0718
49283570 49283566 2.87124
49598608 49152496 2.47028
49152502 49152496 21.48628
49680620 49152496 7.1612
49409605 49283570 2.34828
49320585 49283570 3.4538
3402597960 49283570 6.82376
5234033139 5234033138 2.44496
5234033141 5234033139 1.78928
5234033140 5234033139 0.97268
49106243 49480180 8.0534
49539114 49480180 5.42416
49623133 49480180 5.34036
49152504 49152502 7.18776
49214890 49152502 5.17824
49429097 49152502 13.38592
5349975287 49021430 77.07764
507960160 49021430 19.35364
49075915 49021430 37.69384
5234033149 5234033142 6.26676
49171711 49611257 4.59328
49111894 5234033149 14.39276
49111866 5234033149 30.70696
49178711 49283582 8.00168
49079512 49283582 13.1498
3403972551 49283582 7.55004
49634563 49480196 2.33096
49254106 49480196 4.87692
49282750 49480196 6.36092
5755407143 49480196 3.01624
49152520 49152520 3.87452
49152541 49152520 2.95556
49146424 49146406 13.88324
49099048 49146406 10.25016
49433674 49146406 2.82172
49079512 49283604 0.25848
49693036 49283604 1.9516
49259585 49283604 8.22024
49152542 49152541 1.12112
49287906 49152541 4.50816
49093456 49152542 1.77804
49295787 49152542 6.83192
49077436 49283614 7.01096
49283614 49283617 4.2566
49283613 49283614 7.88716
5861073238 49283614 12.12208
49077435 49283613 7.7766
49283613 1811066329 6.02248
1811066331 49283613 5.72216
49420033 49283617 15.9986
49283617 49283620 7.8348
49611300 49611299 2.06752
49283620 5861073231 0.40024
49283620 49706100 1.7558
5861073238 49283620 0.49968
49283623 49283621 6.12116
49359351 49283621 21.37604
49283621 5861073229 8.40728
5861073231 49283621 8.43364
49213615 49611300 2.5964
49634840 49611300 2.4768
49109582 49283623 5.51656
49416795 49283623 5.992
49344036 49283624 2.169
49283624 49283625 1.15284
5861073249 49283624 1.15464
49283625 1955606152 2.58092
49283625 49013024 13.4828
49229498 49611303 11.23244
49521963 49611303 3.90996
49292610 49611303 1.19728
49152567 49152561 4.15876
49283635 1228816142 4.05384
5861073252 49283635 4.8198
49262821 49283635 8.72256
49092198 49283635 9.93648
49283638 49283635 4.01268
49158889 49218100 3.02492
49132026 49218100 4.35328
49132008 49218100 5.92088
1228816142 49283638 0.5112
49079547 49283638 6.324
1228816211 49283638 6.644
49525711 49152567 2.68252
49541374 49152567 7.90408
49051669 49611320 4.58316
1228816060 49283641 0.52052
49283641 1228816211 1.37544
49092200 49283641 7.7972
48930844 49283641 2.84784
49132026 49218107 3.07636
49283656 49283646 4.56252
49309401 49283646 12.71592
49363076 49283646 7.42352
6255280702 1724756450 4.162622222
278076838 6255280702 25.06576
1724753056 6255280702 2.468044444
6255280707 2789635383 1.9944
6255280707 2789635405 0.84248
6255280708 6255280707 0.3292
6051889458 6255280708 1.61036
1724753114 6255280708 1.36688
4616487496 4616487494 0.48752
49502360 4616487494 2.49304
4616487494 49587635 5.87912
4616476844 4616487494 4.23208
49283660 49283656 16.42628
49651337 49283656 8.55136
49705400 4616487496 1.7794
4616487496 4616487521 3.86892
49587632 4616487496 5.83552
49079422 49611339 1.56448
49146384 49611339 8.6408
49283668 49283660 8.44344
49074473 49283660 5.40748
49072634 49087056 5.7488
49674072 49087056 13.61972
49226951 49087056 6.87408
49283675 49283668 11.55872
49471371 49283668 9.34528
49116080 49414741 4.85852
49498012 49414741 1.5434
49349496 49414741 1.05028
49072634 49087060 3.73536
49431350 49611350 2.54044
370213464 5717326553 4.42328
370213464 370213465 4.34252
1229060822 370213464 3.5244
4616487523 4616487513 0.42936
4616487513 4616476844 13.34788
4616476185 4616487513 7.67512
1755719030 49087065 11.82988
49283677 49283675 5.38112
49074481 49283675 11.29996
370213465 5717326552 0.57844
370213465 5717326553 0.63676
277348980 370213465 3.71792
49529486 49283677 7.7366
49283680 49283677 2.66288
49611358 49611356 7.27512
49611360 49611358 8.1034
49080884 49611358 5.3854
49643061 49611358 5.33552
49332559 49283680 5.96956
48876351 49283680 1.6666
4616476844 4616487521 0.43488
4616487521 4616487523 12.66048
49611362 49611360 8.02764
49743067 49611360 5.36968
48987389 49611360 5.38852
49164041 4616487523 1.8084
4616487523 4616476838 7.91364
49743070 49611362 5.27108
49080887 49611362 5.328
49087081 49087077 8.96916
49339255 49087077 3.07924
1810831152 49087077 5.63472
358285926 1811066284 8.10936
3701771600 358285926 8.747
1811066292 358285926 10.45512
48876361 49283687 0.65832
49091347 49283687 8.42164
4602198395 49283687 4.2446
49080873 49611367 6.53336
49743084 49611367 3.12872
49611377 49611367 6.81568
49051358 49218152 3.6046
49087082 49087081 4.019
49531295 49087081 0.70156
49087084 49087082 3.48748
49615638 49087082 4.28212
49087085 49087084 3.68288
49472414 49087084 4.06688
49236640 49087085 3.12396
1810831138 49087085 6.08232
49453923 49146424 10.8734
49573534 49146424 8.49532
49149971 49152625 2.06228
1229987780 49152625 85.57356
49242586 49152625 11.66152
49423844 49611377 3.95336
49080874 49611377 9.5574
277348979 4343291726 4.25076
277348979 4343291730 4.19564
277348980 1229060821 7.39056
4343291730 277348980 0.63836
4343291759 277348980 3.53112
49106249 49611378 8.01364
49423844 49611378 16.29052
49386210 49611378 3.971
49623141 49611378 3.94112
49087097 49087096 3.19924
49107094 49087096 3.0922
49068309 49087096 3.03376
49350983 49087096 6.99688
49064642 49152633 3.13304
49149971 49152633 2.81872
49175360 49152633 2.52204
49283713 49283711 2.56212
49217519 49283711 8.09096
49443561 49283711 2.08752
49294906 49480319 1.82972
49144871 49283713 5.44884
49067014 49283713 3.31016
49152647 49152645 3.631
49064642 49152645 3.588
49776770 49152645 6.78248
49152998 49283718 1.06748
49283717 49283718 5.08836
49658116 49283718 8.34968
49324861 49152647 21.08964
49653279 49152647 5.0596
49144871 49283717 2.42868
49152994 49283717 8.99708
49283722 49283721 1.3566
49283720 49283721 3.376
49631960 49283721 14.09184
49283723 49283722 3.44268
49631922 49283722 4.05544
49251176 49283723 4.87068
49283723 49631960 17.087
49152998 49283720 3.3452
49144874 49283720 16.46364
49116240 49283725 7.73628
49283725 49120859 3.99524
49251176 49283725 8.11232
49515108 49283725 4.05176
49460436 49283728 2.81784
49120861 49283728 4.0712
49039556 49283728 13.13316
49224726 49283728 5.01464
49525470 49676945 5.74948
49432951 49611414 4.40868
48946624 49611414 7.91748
49386221 49611414 4.10588
49743078 49611414 4.00868
49483401 49283736 2.47168
48956445 49283736 3.70084
49135965 49283736 8.18584
49087664 49283736 3.2706
4589804599 49611416 1.9152
49432614 49611416 4.04296
49112914 49611416 7.95084
49386228 49611416 4.4782
49245125 3377791640 4.3274
49099020 3377791642 1.78656
3377791642 3377791642 6.03352
49152671 49152668 2.10488
49485559 49152668 8.63516
49391974 49152668 4.00492
49611425 49611422 1.17568
49346154 49283744 2.08716
49222190 49283744 4.06072
49135965 49283744 8.01136
49283745 49283744 8.14604
49445964 49283745 6.32012
49283747 49283745 8.00084
49448447 49611425 3.67128
49112930 49611425 7.76056
49152685 49152675 8.06724
49492335 49152675 6.59008
49461280 49152675 12.1372
49274354 49283747 7.91804
49283756 49283747 12.18948
49079460 49283756 9.95156
4341850553 49283756 24.31132
49621684 49283756 14.00368
49175169 49152685 2.96848
49492335 49152685 5.61608
49676981 49676979 1.0814
49676992 49676981 5.85204
49677029 49676981 2.63828
49676994 49676992 2.2732
49677002 49676992 1.95328
49677018 49676994 1.861
49677008 49676994 5.80688
49480394 49480392 11.33712
49459187 49414858 16.07284
49393752 49414858 2.35948
49542041 49414858 20.6246
49677005 49677004 1.98788
49677039 49677004 1.08332
49677029 49677004 1.57596
49677025 49677005 2.03364
49677008 49677005 2.04968
49442852 49480394 3.14028
49083620 49480394 2.282
49215446 49480394 2.31196
49414864 49414863 3.43008
49328052 49414863 2.45504
49695625 49414863 1.31364
49677022 49677008 1.78124
49259252 660538063 1.8566
49069392 49480400 3.20696
49442852 49480400 2.91776
49480400 49190422 4.57072
49480411 49480405 8.31316
316685239 49480405 7.79528
1190499411 49480405 4.72324
49363703 49480411 8.32372
49190429 49480411 4.62364
1190499409 49480411 4.78788
48956128 48956132 9.613
48956128 1835257830 17.40788
296263685 48956128 9.27072
48956132 48949146 26.92712
48956132 48943123 14.69404
49058102 49677029 1.62988
49087209 49087206 13.16052
49480427 49480424 3.51388
49460715 49480424 8.33168
49190438 49480424 4.59336
49435200 49480424 4.62328
49222631 49087209 2.59104
49407201 49087209 2.12052
2436258937 49087210 10.04188
49280681 49087210 16.65364
49333741 49087210 2.83988
49260598 49480427 4.83476
49480427 49190440 5.57884
49435200 49480427 5.85316
2436258937 49087213 2.30732
49304537 49087213 7.00616
49087215 49087213 6.80084
49069501 5950407408 3.66256
49124790 49087215 9.32316
49087219 49087215 13.88624
49087220 49087219 0.65612
49104521 49087219 12.37864
49087221 49087220 7.41988
49124793 49087220 5.30124
4633488681 49087221 3.8706
49087222 49087221 9.67612
49688726 49087222 3.4194
49087223 49087222 9.99028
49232815 49087223 11.405
1229993335 49087223 17.2348
49723084 49152761 7.6526
49152780 49152761 16.43352
49152793 49152761 13.2984
49309969 49152761 8.38764
49141805 287376123 4.65784
49492925 49742587 3.90236
49299362 49414913 3.00528
49656032 49414913 11.86552
49526521 49414913 5.62024
49493032 49087240 6.48052
49087241 49087240 7.91452
1229993335 49087240 10.66208
49283850 49283849 5.8044
49476091 49283849 3.96876
49518616 49283849 3.16976
49027314 49283850 4.03672
49476092 49283850 3.9692
49259659 49283850 2.3558
49680575 49087241 32.29696
4591514044 49087241 7.93188
49309986 49152780 3.0306
49309972 49152780 15.45156
49112607 49349385 4.90892
49454666 49087246 8.00596
49087248 49087246 4.59968
49304067 49087246 5.0536
49124079 49087246 7.5182
49367643 49152783 1.69412
49112234 49152783 7.36788
49051669 49152783 14.20716
49556462 49087248 7.95492
49087250 49087248 4.58468
49124080 49087248 7.5928
49527134 49087250 8.01056
49087252 49087250 4.64408
49124081 49087250 7.5746
49556468 49087252 8.02372
49087254 49087252 4.69228
49124082 49087252 7.52568
49152791 49152789 3.83492
49112234 49152789 0.59908
49244182 49152789 7.93736
49064423 49283861 1.91516
49283861 1364076167 1.15056
1364076172 49283861 1.23328
49152793 49152791 2.82568
49723083 49152791 7.52616
49508428 49283863 3.17044
49108100 49283863 0.52184
49064423 49283863 4.05636
49723084 49152793 7.6868
49502142 49087254 8.07248
49087256 49087254 4.6754
49124086 49087254 6.74828
49556475 49087256 8.08288
49087258 49087256 4.49504
49124089 49087256 7.1598
49386265 49087258 8.04804
49087260 49087258 4.74996
49124090 49087258 7.78584
4619366288 4619371293 5.54744
4601390290 4619371293 4.71684
6335098638 4619371293 19.7974
49300453 49087260 8.08648
49087262 49087260 5.06208
2450051544 49087260 4.81288
49113854 49480477 2.42812
49064043 49480477 4.20724
49435206 49480477 4.64516
3629965983 358286110 1.3956
49321122 358286110 6.48716
49207051 358286110 8.189
49267735 49087265 1.97996
49087268 49087265 4.62668
49087264 49087265 5.03712
49556484 49087262 6.21596
49087264 49087262 5.0998
49677091 49313719 3.33288
49677091 49099167 4.81004
49295400 49677091 3.40768
49337548 49677091 4.48528
49227246 49087264 4.06892
49480482 49480481 6.6852
49480481 49243371 18.56164
49337695 49480481 4.63232
49480484 49480482 7.12544
49582827 49480482 4.577
49337696 49480482 4.62852
276103971 49757077 11.52018462
276243614 276103971 42.58756
49757053 276103971 14.86953846
49052325 49480484 7.04092
49538980 49480484 4.54676
49337698 49480484 4.63284
49087270 49087269 3.08328
49087268 49087269 3.31948
49115005 49087269 2.13188
49115007 49087269 9.62708
49087271 49087270 3.10472
49124530 49087270 2.0764
49124532 49087270 9.68408
49559272 49087271 4.94244
49053740 49087271 1.4424
49076635 49087272 1.20136
49087282 49087272 21.50992
49269684 49087272 13.87252
48904950 49152813 7.48568
49152959 49152813 0.64492
49152817 49152813 4.10764
48968751 49480487 4.0802
49021910 49480487 2.37628
49052325 49480487 7.08984
49229717 49152817 8.12612
49144754 49152817 8.00604
49152819 49152817 4.02536
49238576 49087282 1.53932
49087299 49087282 18.07612
49616180 49152819 8.12612
49144756 49152819 8.02384
49152823 49152819 3.93832
49414968 49414966 3.15676
49049844 49414966 1.95952
49375614 49414966 12.54564
49174531 49152823 8.07144
49144761 49152823 8.06824
49152827 49152823 3.9196
49498516 49414968 2.68324
49415074 49414968 3.29532
49152967 49152827 2.18352
49249698 49152827 8.08212
49414976 49414978 3.36064
49414976 49099163 4.66544
49426598 49414976 4.56356
49344772 49414976 3.45724
380183763 49152833 2.28656
49152833 49152935 3.17044
49414978 49295395 3.40152
49414978 49746189 4.59956
49099164 49414978 4.66044
49087303 49087299 8.96788
49056236 49087299 6.90732
49096121 49087299 6.1794
380183763 49152836 2.36324
380183763 49152836 13.30512
49428910 49152836 8.3176
49152839 49152836 4.6244
49414980 49313714 3.41684
49414980 49746191 4.70816
49295395 49414980 3.39576
49099167 49414980 4.65712
49393239 49152839 8.31492
380183764 49152839 2.01144
49118053 49152839 4.59744
49414983 49099170 4.59916
49414983 1357333682 3.14912
49120834 49414983 3.37608
49466663 49414983 4.64836
49398928 49480522 8.45164
49376943 49480522 3.68312
49625712 49480522 3.25772
49338427 49480522 6.61872
49515219 49152843 8.31108
49144741 49152843 8.32
49152846 49152843 4.62436
49118053 49152843 4.62024
49582802 49414989 4.64808
49061908 49414989 5.80772
49337746 49414989 3.39912
49099173 49414989 4.61696
49152847 49152846 2.3008
49352691 49152846 8.30896
49144742 49152846 8.31492
4626056025 4626056015 5.6794
49338427 49480529 1.68348
49704260 49480529 4.61448
49480534 49480529 4.34148
49480539 49480534 4.41364
49284101 49480534 10.3938
49095721 4626056025 14.0652
49172347 4626056025 4.30808
49631908 49152858 8.3004
49152862 49152858 4.68396
49144827 49152858 8.3494
49617012 49480539 4.02756
49617011 49480539 2.99876
49081744 49480539 16.95292
49401476 49415005 1.568
49144828 49152862 8.33116
49410255 49152862 8.29536
49152864 49152862 4.53808
49144831 49152864 8.39156
49152866 49152864 4.65128
49631911 49152864 8.25864
49144834 49152866 8.31372
49152869 49152866 4.59812
49350933 49152866 8.31344
49144835 49152869 8.28204
49098062 49152869 4.51924
49467771 49152869 8.3444
49152880 49152876 4.05968
49098062 49152876 4.24276
49144841 49152876 8.28228
49616472 49152876 8.34932
49144844 49152880 8.26488
49152881 49152880 3.98804
49144849 49152881 8.24668
49152883 49152881 4.01548
48890738 48946680 16.21464
48890738 49750805 7.731753846
360619615 48890738 6.551215385
49144850 49152883 8.33264
49152887 49152883 4.12632
49498012 49349489 1.87932
49349496 49349489 4.57092
49498018 49349489 5.18984
48968748 49087346 16.17
48992018 49087346 4.92252
49486213 49087346 3.37724
49265211 49087346 6.5816
49113168 49087347 4.09684
49087352 49087347 8.03284
48957726 49087347 6.12508
49113166 49087347 4.26084
49358970 49152887 8.07744
49144851 49152887 8.53132
49152981 49152887 3.22496
49623121 49742708 1.5436
49087353 49087352 2.14804
49460520 49087352 6.45968
49129079 49152890 5.48044
49152946 49152890 4.033
49393038 49152890 2.54492
2139648062 49087353 11.05844
49466679 49087353 6.35264
49453929 49349496 3.525
49152893 49152974 1.42328
49152895 49152893 3.65492
49602612 49152893 3.22464
49144712 49152895 7.97492
49056859 49152895 8.14576
49152899 49152895 3.99544
49344155 49415040 5.34396
49249777 49415040 2.26452
49344154 49415040 6.61684
49611647 48951744 3.13276
49611651 49611647 1.09008
5825909155 49611647 0.72664
49087361 49087360 2.30908
49618729 49087360 11.28864
49568151 49087360 1.96872
49472850 1376387971 0.39672
1376387971 1376388002 22.0146
4343120372 1376387971 6.76856
49144716 49152899 8.01056
49056861 49152899 8.10144
49152902 49152899 3.96548
49083552 49415043 3.6334
49056863 49152902 8.1262
49144718 49152902 7.99292
49064765 49152902 4.11136
49083552 49415046 9.24612
48957727 49087361 4.24332
49618729 49087361 12.72784
49222124 49742721 3.304
5853354756 49742721 0.78952
49342589 49742721 19.0424
49163027 49742721 6.17628
49611651 5825909155 0.67156
48951750 49611651 3.21876
49144724 49152909 8.04164
49070840 49152909 2.93416
49100899 49152909 4.00216
48939644 49152909 8.10216
49156920 1376387982 3.0856
49156922 1376387982 0.52444
1376387982 4343120364 5.37544
1376387989 1376387982 5.02008
1376387986 49472884 0.37964
2361175950 1376387986 11.19928
2361175966 1376387986 0.54148
1376387989 2523704170 0.52764
2523704166 1376387989 0.38836
2523704168 1376387989 0.2924
1376387992 49107171 0.6186
1376387992 4343120372 6.51144
1376387995 1376387992 0.68204
49107166 1376387992 16.24792
49144882 49152920 8.33292
49070840 49152920 4.69988
49285174 49152920 5.7926
49152935 49152920 8.3556
1376387995 1199494091 16.22956
4343120364 1376387995 10.81596
1199494126 1376387995 0.57092
49436693 49087390 3.8436
49087393 49087390 3.5658
5794218930 49087390 8.58556
49087394 49087393 2.79224
49520040 49087393 6.94596
49438399 1376388002 0.46916
3564870536 1376388002 1.99696
1376388002 2361175966 14.03944
49579280 49415074 4.00732
4614638078 49415074 3.28696
49634626 49415074 10.98492
49087395 49087394 10.50324
2421592513 49087394 6.70044
49072377 49087395 8.10452
49072370 49087395 6.10772
49087397 49087396 6.12268
49072377 49087396 3.6096
49096989 49087396 8.04664
49096991 49087396 9.63064
49296017 49152935 5.14932
49237173 49087397 6.83128
49087399 49087397 8.89312
48946623 49415081 8.07812
49210309 49415081 0.18476
49098573 49415081 4.0376
49431949 49087399 3.22348
49087402 49087399 3.46952
49784786 49087402 0.82892
49237164 49087402 6.31156
49539983 49677230 2.6944
49079538 49152946 5.46176
49098576 49152946 3.88252
49299882 49415095 8.19276
49213511 49415095 16.21624
4589740692 49415095 1.95404
49115518 49415095 3.99536
49152955 49152953 4.0814
49085798 49152953 3.93924
49230189 49152953 8.13076
49144791 49152953 8.07276
49152957 49152955 4.02528
49564758 49152955 8.1306
49144793 49152955 8.0728
49136689 49087419 1.92548
49631850 49152957 8.13064
49144796 49152957 8.07276
49152959 49152957 4.02528
49299869 49415102 8.0316
49476345 49415102 4.48936
49089330 49415102 3.9826
49415102 4341490018 4.12536
49344871 49415102 4.18568
49144752 49152959 7.34332
49631873 49152962 4.83064
49299890 49415107 8.117
49190269 49415107 8.09984
49052311 49415107 3.99884
49047823 49415107 4.35748
49123379 49742787 2.00816
49299892 49415109 8.0612
49057281 49415109 3.7084
49047823 49415109 3.6626
49152968 49152967 3.0826
49144815 49152967 4.64796
49299895 49415112 8.04428
49099215 49415112 2.48048
49057281 49415112 2.048
49152970 49152968 3.423
49269552 49152968 4.6524
49144816 49152968 4.64796
49606879 49152970 4.64656
49144818 49152970 4.64804
49152972 49152970 3.37032
49144820 49152972 4.65284
49083528 49152972 3.3936
49344105 49152972 4.64356
48948928 49742796 3.6886
49152974 49144823 4.6168
49083528 49152974 3.25476
2800750717 2802516943 4.0966
2802516943 2800750717 16.21286667
2817900876 2802516943 2.336066667
49648328 1256326096 3.72732
49213413 1256326096 6.7918
1256326154 1256326096 7.60548
1256326154 1256326097 1.57352
48948929 49742803 7.25488
49144856 49152981 8.55068
49152983 49152981 0.80076
49021910 49021909 7.0414
49052325 49021909 2.31648
49052324 49021909 2.34308
49193921 49152983 8.07768
49152984 49152983 2.25588
49144860 49152984 8.53576
49152987 49152984 1.79576
49461280 49284057 2.90912
49461279 49284057 2.8828
49175156 49284057 7.78352
4626846114 49021910 4.0728
49337699 49021910 2.30052
49152988 49152987 1.23092
49365312 49152987 8.07768
49144863 49152988 8.53108
49152992 49152988 2.7386
49149676 49611735 3.10116
49156022 49742808 3.87976
49631922 49152992 8.09076
49152994 49152992 0.94272
49152998 49152994 3.08276
49445524 49021924 5.618
49175169 49284074 2.90464
49492323 49284074 2.93252
1759303805 49284074 12.46648
49175156 49284074 8.369
49087473 49087471 0.65724
49087473 49087471 0.65724
49376738 49087471 4.82896
49087475 49087473 13.78168
49376761 49087473 9.27944
49392138 49087475 8.83316
49335384 49087475 2.45344
49325718 49349620 3.0374
49294466 49349620 4.30116
49349619 49349620 1.77936
49433936 49349620 3.07196
49349624 49349622 3.39364
49294466 49349622 3.29456
49282517 49349622 5.4532
49515208 49349622 6.09116
49282524 49349624 7.152
49282521 49349624 4.55212
49155595 49677307 4.08284
48997096 49677307 4.71532
49109535 49677307 7.55256
49391026 49415166 3.45804
49524318 49415166 2.88216
49059968 49415166 7.80164
49099180 49415166 4.68352
49284101 49284099 4.19428
49241686 49284099 6.0866
49147378 49284099 4.33812
49153031 49153028 3.58796
49284104 49284101 4.32328
49087491 5863015606 0.9616
49096020 49087491 4.90168
49252794 49087491 14.28916
1128693800 49087491 1.41464
49153032 49153031 2.11144
49122814 49153031 2.06128
49617011 49284104 7.28384
49147370 49284104 1.71076
49744857 1256326154 2.01596
49153040 49153034 14.24192
49112855 49153034 2.65696
49006901 49153034 1.53992
49099187 49415177 3.319971429
49065718 49415177 8.0498
49350453 49415177 3.65628
49350452 49415177 5.910285714
49363866 49087497 5.99284
49087502 49087497 4.22764
49302830 49087497 9.09248
48956428 48956427 6.8398
48956427 49176214 2.64788
49176207 48956427 3.17124
49416566 48956428 3.09956
49312661 48956428 2.29344
49112859 49153040 2.1302
49443112 49153040 2.387
49302831 49087502 9.04592
49087503 49087502 4.53064
49302833 49087503 8.25344
5863015604 49087503 2.78628
48956432 48956431 1.7158
49525481 48956431 1.6946
49477339 48956431 1.64568
49534609 48956431 3.02668
49482599 48956432 1.1746
49482601 48956432 1.94236
48956445 48956444 0.5198
49445961 48956444 2.88504
49059384 48956444 8.11612
49547027 48956445 4.59184
49423748 49415198 4.77272
49415212 49415198 4.14968
49423762 49415198 7.44708
49247937 48956446 2.23304
49415473 48956446 6.0232
49060957 48956446 7.75428
1713151125 49480733 5.24836
49480733 1713151125 4.5306
49091137 49480733 8.60864
49176953 48956448 11.27904
49064601 48956448 8.052
1435985389 48956448 1.74384
1435985368 48956448 1.41984
2802972941 2802517022 3.01064
49040891 49480741 3.0198
5151261739 5151261738 1.3348
5151261740 5151261739 0.58888
5151261739 5151261739 14.68428
49415220 49415212 5.27336
49687586 49415212 8.40432
49308593 5151261740 1.61656
49308604 5151261740 12.33448
49219572 49415220 5.29476
49559022 49415220 6.48624
60658306 2481718332 0.49796
1167366610 2481718332 0.4632
2477145867 2481718332 4.78004
49219572 49415229 2.33228
49559020 49415229 4.16412
49636175 49415229 3.53584
49476436 49146519 2.80484
49668124 49146519 1.10976
49146524 49146519 9.27676
49146514 49146519 6.69952
49068297 49153099 3.03516
275973197 275971450 23.61196
275973197 5237396099 9.07068
1830621283 275973197 7.94732
2939880526 2002661848 4.53532
49027474 2939880526 3.95992
49216350 2939880526 10.9196
49123257 49415263 15.676
1243962727 49415263 6.2288
49091943 49415263 7.03072
49122824 49415263 26.80985
49087598 49087597 4.46048
49418980 49087597 3.87
49151242 49087597 1.9526
49751169 276300917 8.266584615
49475919 49218678 3.36992
49218680 49218678 8.33388
49227057 49218678 12.81172
49227059 49218678 4.59788
49393689 49218680 3.34284
49069582 49218680 8.27916
49227061 49218680 4.65344
3587900543 3587900541 1.29652
49218687 49218685 8.38088
49069582 49218685 8.2658
49219970 49218685 3.3688
49219965 49218685 4.6264
5707333157 3587900543 1.41676
5707333155 3587900543 5.8992
49218689 49218687 6.40136
49406611 49218687 3.42456
49227062 49218687 4.62584
49304234 49218689 2.05892
49218698 49218689 1.59868
49218695 49218694 7.32796
49592956 49218695 5.86252
49227068 49218695 3.68184
49519253 49677449 2.86588
49218700 49218698 15.83104
49227064 49218698 3.02424
5748537761 49218700 3.1248
49227075 49218700 3.71356
49551751 49218700 10.86688
49655609 49677454 4.64424
49519253 49677454 4.4842
49519270 49677454 6.9748
49088378 49218702 5.93048
49578246 1813645938 1.85872
49773812 1813645938 0.51692
1813645938 5853354759 5.20696
1813645950 1813645938 10.20644
49056895 49087637 7.99944
49218721 49218709 8.93436
49219737 49218709 5.15996
49219724 49218709 1.96888
49303255 5719721111 3.40732
1813645941 49497966 0.88492
1813645941 1813645950 3.65032
1813645952 1813645941 10.90024
49065832 49677471 1.95644
49324749 49218721 1.91684
49218728 49218721 4.02956
49425450 49218728 2.201
49218730 49218728 2.75388
49218736 49218730 6.34808
49378820 49218730 5.16276
49081779 49087664 1.78808
49059389 49087664 4.38572
49219755 49218736 3.20492
49670489 49218736 5.295
49425599 49218741 7.39084
49218749 49218741 15.2128
49064496 49218741 4.48088
2957509818 2957511539 12.8418
2957511544 2957509818 8.62808
2957511570 2957509818 19.35528
49154661 2957509818 13.05776
49087682 49087681 2.2786
49117161 49087682 3.46868
49242145 49087682 6.82108
3237283011 289579322 18.39872
5234065960 3237283011 14.10976
1813645315 3237283011 15.84964
1833036108 49218761 9.89064
49291589 49218761 15.1068
49537779 49218761 14.96212
49564849 49743061 5.76416
49480924 49480918 2.06028
49050643 49480918 7.1282
49715502 49480918 6.3454
49100426 49677528 1.62988
49111122 49677528 2.43388
49085251 49677528 6.79864
49743070 49743067 8.05228
49643061 49743067 8.09584
49112956 49743067 5.33416
49424617 49480924 2.7512
49191521 49480924 2.74056
49112957 49743070 5.48056
49432613 49743078 8.13764
49299898 49743078 8.04428
49112910 49743078 4.03352
49218793 49218791 1.0974
49098236 49218793 3.5786
49052666 49218793 3.22812
49647774 49743084 3.10952
49423842 49743084 11.0394
49052666 49218797 3.37416
49218799 49218797 3.34476
49279814 49218797 7.01812
49286424 49218797 10.8626
49416545 49480942 3.81496
49197198 49480942 12.77092
49415496 49480942 3.08476
49218801 49218799 1.9122
49279817 49218799 7.01676
49471845 49218799 4.15684
49022210 48883743 51.14368
49022210 49752930 12.59973846
48857765 49022210 1.497446154
49602965 49415429 4.01704
49169666 49415429 4.07676
49415431 49415429 2.04384
49105183 49415429 4.04164
49415432 49415431 2.02896
49169668 49415431 4.04452
49645742 49415431 4.10744
49169669 49415432 4.027
49415434 49415432 3.99808
49442470 49415432 3.9962
49554788 49415434 3.9718
49169670 49415434 4.02588
49242307 49415434 4.047
49091729 49743117 3.21344
1724777743 6004885619 2.46952
1724777743 6004885621 0.9628
1724784646 1724777743 6.488844444
49170359 49284368 5.32848
49380251 49415442 3.94268
49249055 49415442 1.23544
49169679 49415442 4.00964
49380251 49415444 4.00504
49176897 49415444 9.4804
49324244 49415444 4.04552
49429919 49087764 14.0724
3010921749 48990675 2.867025
3010921749 3010921751 0.31364
3010921757 3010921749 0.37
2947683388 3010921749 6.59124
49319017 49415447 8.04044
49071880 49415447 7.9632
49169701 49415447 4.02584
49645769 49415447 4.87212
3010921751 4051802190 0.5838
3010921751 49097345 3.22204
2817123286 3010921751 4.64256
49434681 49284378 3.14108
49133067 49284378 17.15592
49133067 49284378 3.23988
49170359 49284378 7.62104
3010921757 49357087 6.59088
4051802190 3010921757 0.33924
4607441609 3010921757 5.463075
49264938 49415454 2.41664
49427548 49415454 2.97504
49415456 49415454 5.37452
49281747 49612063 1.83052
49415458 49415456 1.4696
49169712 49415456 4.06976
49440571 49415458 3.69932
49415460 49415458 6.23444
49415461 49415460 13.8326
48868912 49415460 4.09512
49766774 49415460 3.6214
49169649 49415461 9.97956
49247940 49415461 4.51856
49284392 49284389 1.60796
49541510 49480998 1.31644
49398299 49480998 13.22876
49352876 49480998 3.72144
49556563 49284392 2.04004
49233433 49284392 8.02536
5724714461 49612077 1.3788
1724777774 1724777957 1.53568
1724777774 1724777793 1.094575
49617661 1724777774 11.188275
49645721 3876390190 1.19368
49564864 49415473 4.48808
49415479 49415473 4.06228
49169695 49415473 4.02288
49680996 48956725 1.34232
49490134 48956725 3.2132
49490074 48956725 6.92296
6392948928 48956725 1.35076
49665860 49415479 8.06248
49415482 49415479 6.36056
1435985368 49415482 8.40224
49415484 49415482 3.1668
49277010 49415484 1.94532
49176970 49415484 3.88868
49417784 49546560 2.17064
49059325 1724777793 0.65868
1724777957 1724777793 1.26616
1724777793 5087746568 2.8857
49415496 49415490 4.17044
49103502 49415490 10.71508
49451181 49415490 7.42068
49218888 49218881 4.59508
49130016 49087810 9.67832
49087813 49087810 3.6228
49023104 49087810 3.50356
48956740 49143301 10.34484
1739492831 48956740 3.27468
1167715660 48956740 19.84968
49715579 49087813 1.3078
49023104 49087813 22.37688
49337069 49415496 2.51076
1435108680 1435108695 12.95516
1435108744 1435108680 0.77544
1164697071 1435108680 2.01344
1164693972 1435108680 23.71204
49133314 49218888 7.560114286
49351686 49218888 8.355
49415507 49415501 18.63172
49315216 49415501 3.60908
49773731 49415501 4.54868
4620952558 49415501 5.12536
49321199 49612114 12.16244
49087830 49087829 1.62176
49087833 49087830 10.67208
49369868 49087830 6.02752
1435108729 1435108695 0.79844
1435108695 1739502532 5.67896
1435108697 1739502540 0.79372
1435108697 1435108699 10.23756
1167722548 1435108697 33.3338
1739502532 1435108697 0.73136
49227374 49087833 2.96108
49087835 49087833 5.3694
49624278 1435108699 0.8894
1167701462 1435108699 9.001
1435108699 1435108703 10.23232
49087837 49087836 6.0622
49400004 49087836 2.11016
49400001 49087836 9.07656
49616945 49087836 5.29828
49087838 49087837 3.84832
49434156 49087837 8.21992
49624277 1435108703 0.95096
2667901920 1435108703 8.15764
1435108703 1435108710 8.35908
49087840 49087838 6.33308
49484070 49087838 5.73836
48961873 49087840 12.03508
4344903943 49087840 3.9684
4344903943 49087841 0.57688
49087841 4341707211 3.95024
49053010 49087841 12.52076
49349988 49349986 1.49544
49367626 49349986 4.93872
49228703 49349986 14.93068
49087852 49087843 20.9446
49241510 49087843 3.38296
48972959 49087843 5.16332
1435108715 1435108710 0.96436
1435108710 1167725677 6.91612
49581051 49743207 2.999
49122015 49743207 5.85448
49581062 49743207 4.11072
49098074 49022312 1.83056
49022312 48957596 14.34672
48900324 49022312 31.68568
49444175 814679399 0.96036
1167735865 2428700009 2.40304
1167735848 2428700009 1.415
2428700017 2428700009 5.6706
1167679508 1435108715 4.49852
1435108715 49624277 9.04184
1167725626 1435108715 7.04752
49087853 49087852 2.16608
49559539 49087852 15.8108
49087857 49087853 8.2722
49599240 49087853 11.21732
1167735865 2428700017 9.80112
1167735906 2428700017 5.9836
49087861 49087857 6.22892
49436415 49087857 10.84716
276104563 282099577 5.778338462
49029977 276104563 11.75195385
49096954 276104563 22.04692
49056817 49612148 5.9126
49083394 49612148 2.01444
1173003627 49612148 6.24852
49158533 49415541 7.304
49158539 49415541 7.58424
49220202 49415541 5.22528
49087865 49087861 8.60932
49185151 49087861 17.14456
1435108727 1435108729 5.86768
1435108727 1739502532 0.82216
1739502540 1435108727 0.71868
49143285 1435108727 16.43944444
2428700025 2428700023 1.00748
1228878477 1435108729 3.00132
1435108729 1435108744 14.1546
2428700027 2428700024 1.20364
2428700027 2428700025 0.68332
2428700028 2428700025 0.8204
5526521212 48949309 11.74872
276302603 5526521212 20.35776
49543706 5526521212 47.05464
5526521213 276302601 9.834292308
276302756 5526521213 11.17984
49750749 5526521213 9.3588
5526521214 277146142 4.783446154
49182419 5526521214 50.47896
277145150 5526521214 12.63728
49087868 49087865 9.574
49599283 49087865 5.31972
5526521216 275665538 24.80732
5526521216 275664492 15.4456
5526521220 5526521216 2.97568
5526521217 5526521219 14.82448
48949307 5526521217 1.77988
48949352 5526521217 3.215
2428700030 2428700027 0.74768
5526521219 275666227 15.48512
48949309 5526521219 24.13364
5526521220 49769219 8.163171429
2480664233 5526521220 2.0776
49369240 49415557 2.553
2428700028 2428700030 0.57008
2428700036 2428700030 1.81756
2428700037 2428700031 2.46148
2428700033 2428700031 1.03336
1167722682 2428700031 1.70928
1435108744 1435108754 23.13076
49406215 4604691849 2.54776
49529785 4604691849 4.00656
49383808 4604691849 4.69296
2428700028 2428700033 1.55776
2428700039 2428700033 2.00708
2428700038 2428700034 1.87588
2428700037 2428700035 1.33688
1167722682 2428700035 2.445
1167722560 2428700035 1.60872
2428700039 2428700036 1.43036
2428700038 2428700036 0.4922
2428700044 2428700037 2.04632
2428700040 2428700038 0.66616
4621403543 4621403536 3.25316
49344920 49481105 6.44092
1164693972 1435108754 0.79092
1435108754 670772475 11.11564
2428700040 2428700042 1.00476
2428700041 2428700044 1.233
2428700052 2428700044 2.18124
2428700046 2428700045 0.91444
2428700053 2428700045 2.00364
2428700050 2428700045 2.7972
2428700040 2428700046 1.6138
2428700051 2428700046 1.52276
2428700049 2428700047 0.74952
2428700050 2428700048 0.90396
2428700041 2428700049 2.0286
2428700052 2428700049 0.94304
1724777882 6004885621 0.60596
1724777882 1724784647 8.6163
49617661 1724777882 0.65804
49040870 1724777882 12.124575
2428700053 2428700050 0.76348
2428700055 2428700051 1.41264
2428700054 2428700051 0.56396
2428700059 2428700052 2.58448
2428700054 2428700053 0.93472
2428700057 2428700054 1.12236
2428700039 2428700055 4.17824
2428700060 2428700055 3.84284
2428700059 2428700056 1.97912
2428700060 2428700059 1.12648
2428700062 2428700060 2.15268
4357787818 2232157608 1.71116
49360984 2232157608 8.28844
49558252 2232157608 4.96464
49695594 49677736 3.82108
6257197377 49677736 6.19144
49292600 49677736 6.05452
4357787818 2232157610 1.24104
2232157610 49697022 1.53316
49697022 2232157610 0.55428
49223851 4593223089 2.28776
49223855 4593223089 2.25116
4593223090 4593223089 7.99448
49179939 4593223090 2.32816
4612657333 4593223090 8.08532
49179935 4593223090 2.30884
49481162 49481160 5.23424
49133798 49481160 5.36624
49128652 49481160 4.2124
49369284 49481162 5.30172
49549436 49481162 4.37356
49128653 49481162 4.2124
49061968 49120544 2.09184
49436334 49120544 5.08364
49056193 49120544 11.85992
49153494 49153488 7.64848
49153498 49153494 2.84564
49430336 49153494 3.84336
49153501 49153498 3.73524
49153501 49153498 27.40948
49098957 49153501 4.08824
49250479 49284574 7.12152
2356790496 49284574 2.383085714
49317333 49284574 3.363257143
49284575 49284574 7.1948
49585739 49284575 4.76816
49284576 49284575 7.12588
49585740 49284576 4.63952
49716867 49284576 4.39456
49481192 49481187 1.29888
49220973 49481187 4.59004
49128645 49481187 3.43388
49589647 49284580 3.44004
49284582 49284580 5.43528
1810831195 49284580 3.04432
49059326 1724777957 1.4012
4604626407 4604626406 0.7644
4110757778 4604626407 1.62176
49558322 4604626407 12.70824
49481194 49481192 7.4318
49051722 49481192 4.50484
49107386 48956906 24.22992
49137489 49481194 8.37216
49128646 49481194 4.72
49091737 49350124 4.39876
49208779 49350124 7.3786
49394089 49394091 1.55248
49128751 49284590 2.08676
49656656 49284590 0.58
49176332 49284590 11.56356
49128751 49284593 8.83616
49190445 49415666 4.60456
49169948 49415666 4.63228
49415669 49415666 7.09504
49128599 49415666 6.7184
49153545 49153523 9.1918
49153545 49153523 8.51948
49164720 49153523 3.74536
48934965 49481202 5.26128
49137489 49481202 5.29848
49128649 49481202 4.24396
49190447 49415669 4.65892
49169950 49415669 4.60592
279049260 49415669 6.81584
49415675 49415673 6.66504
49415673 49190451 4.66412
279049375 49415673 2.63764
49091737 49350137 6.42116
49415677 49415675 7.1076
49190453 49415675 4.65932
49169957 49415675 4.54616
49190455 49415677 4.5724
49052319 49415677 7.05868
49169958 49415677 4.66292
49393278 49546750 2.01164
49012280 49415680 2.31628
4343226600 49415680 3.995
49052319 49415680 7.10764
49169962 49415680 4.60288
49481452 49546754 4.10296
49546759 49546754 3.51004
49353953 49546754 8.00724
49071291 49546754 4.0598
49299699 49612291 7.44456
49153550 49153545 4.58856
49481237 49481229 8.43632
49210487 49481229 2.29788
49484715 49481229 5.24172
49252046 49153550 7.0278
3701950420 49153550 4.07856
276301330 1811301785 1.4742
276301330 1811301780 1.1806
49084835 49677846 4.09104
1759303832 49677856 2.27648
49153577 49153576 4.48064
49058787 49153576 3.29312
49418073 49153576 2.12916
1734863776 49153576 4.41608
49153579 49153577 4.59428
49731529 49153577 2.41924
444089499 49153577 2.04452
49690922 5716969003 0.48352
49155600 5716969003 4.77536
5716969003 4341714164 1.875
5716969011 5716969003 8.20268
49153582 49153580 4.52608
49153579 49153580 4.51628
49230522 49153580 3.3342
49514480 49153579 3.41172
49120539 49153579 6.51148
49058782 49153582 3.33636
49437595 49153582 3.27916
49127051 533005871 7.72704
49690924 5716969011 1.8926
49672182 5716969011 4.79136
49153596 49153591 3.2716
49115876 49153591 5.59076
49195306 49153591 8.03432
49153599 49153596 3.08368
49195306 49153596 8.24848
49151248 49415742 2.91788
49126136 49415742 6.04072
49169933 49415742 8.15264
49110452 49415742 9.37836
49153602 49153599 0.26572
49346075 49153599 2.85708
49074147 49415745 2.86456
49151248 49415745 2.93568
49169934 49415745 8.153
49110453 49415745 17.76444
49153604 49153602 1.81156
49058797 49153602 8.4942
317476261 49153606 1.02408
4343006792 1759302835 0.5054
4343006792 4343003587 6.77416
4343006793 4343006792 0.4776
49115792 4343006792 4.4626
4343006793 1759302843 4.43516
4343006800 4343006793 8.24532
49486140 4343006793 0.50564
295175758 49002713 1.35092
295175758 5861073212 0.37428
295175765 295175758 2.40728
49002693 295175758 3.52372
49143428 2645034576 20.48876
49486147 4343006800 0.5144
49112414 4343006800 2.5858
4343006802 4343006800 1.93156
49146640 49481296 5.02156
49236118 49481296 4.93712
49248358 49481296 4.5916
48953620 49481296 4.68132
49079181 4343006802 0.52268
48989658 4343006802 7.52752
4343006803 4343006802 1.13616
49312339 4343006803 0.50608
4343006805 4343006803 2.18652
295175765 49002713 3.06632
49331013 295175765 12.81496
49486149 4343006805 0.506
49486151 4343006805 3.4772
1742429778 49284704 0.55896
1742083115 49284704 1.99632
49284704 1742072497 18.43028
1742429643 49284704 4.6306
1742429778 49284705 2.36872
49065111 49350250 11.03468
49514517 49350250 6.06168
49457451 49350250 10.2042
49680620 49088114 4.1258
1346432544 49088114 0.59364
49088114 49202856 20.34932
49088124 49088114 12.22036
49429075 49088124 3.95564
1346432795 49088124 0.44164
1704207266 49088124 11.46572
49059961 6035080831 35.75864
49088128 1739493002 0.8796
49088128 1739493008 16.99636
1704207266 49088128 0.7146
1346432795 49088128 11.497
49350279 49350276 1.53932
49065111 49350276 1.53044
49260859 49350276 2.03872
49180405 49481349 4.42196
49260909 49350279 7.68968
49656162 49350279 12.91808
1704207250 49088137 0.70936
49088137 1435113261 10.04292
1739493002 49088137 14.92832
49180405 49481358 5.35912
49088146 49088147 0.57672
1435113261 49088146 9.88432
1704207236 49088146 0.58952
49088147 5762847042 0.5798
49088147 1435113336 13.28696
49358966 48891540 7.22056
49193879 48891540 8.8516
49193876 48891540 2.30244
49260909 49350291 3.55592
49088634 49350291 5.34176
49274750 49350291 28.20656
2667697957 49088150 0.46248
2667697971 49088150 4.63124
49088150 49088152 13.18576
1435113336 49088150 7.05908
1704207165 49088152 0.5362
49088152 49088154 13.65808
1704207129 49088154 0.66852
1228872126 49088154 10.99692
49088154 1228872123 12.36036
49088162 49088161 2.14208
49374285 49088162 3.06648
49088164 49088162 4.42532
49088175 49088167 7.22676
49126064 49088167 13.5862
49126029 49088167 4.86076
49080209 49350313 5.6868
49088184 49088175 7.86744
4606837202 49088175 4.48568
49088188 49088184 5.0668
49453989 49088184 1.98672
49481405 49481402 3.53688
49064386 49481402 3.18212
49533329 49481402 7.87284
49158290 49088188 8.68084
49126064 49088188 2.38812
49492058 49481405 3.62952
49271298 49481405 6.7172
49271305 49481405 5.50348
49338306 49743549 6.62596
49088192 49088191 2.43376
49088191 1811301843 1.47552
49229617 49088191 0.61664
49088189 49088190 1.45888
49187129 49088190 2.05844
49187136 49088190 10.84248
49088193 49088192 4.68352
49552481 49088192 4.33312
49064558 49088193 2.1038
49552482 49088193 3.91784
49073957 49219268 2.69332
49064558 49088194 2.08624
49094344 49088194 10.81216
49088195 49088194 5.95572
1813467582 49153736 0.4976
49153736 1813467561 7.44716
5896419604 49153736 28.63804
1813467561 49153742 0.52496
49153742 1813467582 7.52832
1813467560 49153742 6.64448
49153743 1813645981 0.37768
49153743 49214110 11.83628
1813467560 49153743 0.45088
1813467561 49153743 6.5918
49219285 49219278 1.53812
49226842 49219278 0.75328
49521703 49219278 1.99708
49521700 49219278 1.64108
1813467559 49153745 0.50432
49153745 1813645983 5.6432
49153755 49153745 14.0366
49205416 49481422 3.48076
49350357 49350354 1.49152
49336570 49350354 2.63584
49135988 49350354 2.47892
49383692 49481426 11.22892
49252610 49481426 3.04652
49693987 49481426 5.0408
49071524 49284821 26.43408
49643462 49284821 2.37904
49462825 49284821 3.708
49219431 48957143 9.24868
49116136 48957143 2.36185
49116135 48957143 1.8564
49119633 49219289 5.51236
49192079 49219289 4.8184
49288816 49219289 2.59616
49192077 49219289 7.14388
49481436 49481434 1.47668
49167306 49481434 8.48596
49067080 49481434 12.6078
49284829 49284827 2.17584
49109581 49284827 1.32668
49375595 49284827 6.51972
1813467537 49153755 0.55916
49153763 49153755 12.68752
49285236 49284829 3.35256
49284831 49284829 2.46832
49481444 49481439 3.62692
1813467526 49153763 0.46604
49527203 49153763 5.5442
4341628336 49153763 9.87892
49644170 49481444 2.1212
49738193 49481444 1.19792
1813467525 49153766 0.51608
49083512 49153766 9.1464
49153766 49153774 11.25568
5527979162 49153766 8.07668
49071289 49481450 4.02248
49024104 49481450 20.0018
49481450 49598871 4.10736
49598857 49481450 4.23444
49353952 49481452 8.02164
49071289 49481452 4.08196
1813467516 49153774 0.45588
49153774 49153777 3.20276
49678065 49678064 1.80548
1813467515 49153777 0.45776
49153777 48909944 9.4546
49068167 49678065 2.15532
49059261 49678065 6.79416
49022707 1228033688 3.6566
49022709 49022707 15.028
49181223 49022707 12.87530769
461487182 463013620 22.36064
461487305 463013620 5.16992
461487193 463013620 12.5664
49012532 49022709 4.82796
49083740 49022709 11.93608
49181223 49022709 18.62844
49059264 49678071 6.9902
49075797 49678071 7.1048
1283556775 49678071 3.89956
49678075 49678071 4.2766
49059266 49678075 6.98228
49075799 49678075 7.03584
49641971 49678075 4.28088
49350397 49350395 3.20744
49048019 49350395 3.08728
49640848 49350395 9.75836
49149759 49350395 4.92864
49068136 49350397 2.73684
49149762 49350397 4.10888
1435991886 49547009 3.04292
49059385 49547009 3.97404
49710467 49547009 3.78872
49740671 49153794 7.75808
49039786 49153794 11.07496
49153799 49153794 18.79224
49393280 49415939 1.948
49091925 49088259 1.66956
49088265 49088259 3.59412
49091916 49088259 9.3292
461487309 463013636 10.21172
276301574 1228033691 10.61538462
48996331 276301574 8.400615385
277141901 276301574 26.25288
49122937 49153799 8.26376
3629798925 49153799 15.41132
461487287 463013638 2.46324
461487287 463013642 11.01708
463013662 463013642 6.85644
463013659 463013642 4.48628
49415954 49415947 3.56896
49088267 49088266 3.47804
49242133 49088266 10.72412
49242131 49088266 3.38028
48860023 1362102029 5.62336
49501871 1362102030 5.91336
49398831 49153807 1.90732
3629798925 49153807 10.77092
49153808 49153807 3.55648
49153811 49153808 6.34516
49079119 49153808 4.55768
49088270 49088267 7.40732
49387899 49088267 4.57532
49088870 49415954 3.38688
49236938 49415954 5.4854
49079117 49153811 4.1872
49153814 49153811 2.11012
6174174169 49022740 2.35084
49608633 49022740 4.68068
3378978171 49022740 2.22488
49153814 1406587200 3.69212
1406587200 49153814 3.6226
49159448 49088270 5.02748
49516119 49088270 3.47272
49123322 49088270 17.54656
463013655 463013650 7.08372
49246175 49153817 10.1878
49153818 49153817 4.23364
1406587200 49153817 3.3344
49323078 49153818 13.61924
49153818 49187129 5.4308
49111841 49153818 14.09792
463013657 463013655 2.46944
1334323305 463013655 7.6814
463013659 463013657 5.82276
1334323061 463013657 23.41256
1334323061 463013659 6.42496
461487276 463013662 3.19816
1334323254 463013662 6.42828
49214747 49153824 4.1492
49071179 49153824 3.1864
49111841 49153824 5.6258
463013667 463013664 14.37732
461487316 463013664 4.4002
461487309 463013664 11.93224
463013667 463013666 2.22792
3696189059 463013666 2.855
463013670 463013666 2.23436
463013669 463013667 1.61968
49022756 2789742172 2.02576
49022756 49128981 10.60736
49128978 49022756 8.00172
4126131917 49022756 1.79588
463013673 463013671 4.47664
463013676 463013673 3.8592
463013708 463013673 3.29756
463013676 463013674 3.23544
49176843 49678123 1.73132
49022764 48945848 4.05336
49022764 4126134099 7.48428
2789742172 49022764 9.1516
461827523 463013676 3.72816
461827509 463013677 5.8216
461827509 463013680 6.2922
463013683 463013681 3.55836
463013687 463013683 5.69888
463013684 463013683 4.84488
49350452 49350453 4.61272
380183815 49350453 3.57884
49346652 49350453 4.10904
49746248 49350452 2.10316
461827523 463013687 7.84276
461827509 463013687 5.70164
49219394 49219389 4.83812
461827528 463013697 2.184
49298779 49219394 3.72376
49249162 49219394 4.15856
461827512 463013699 2.33604
463013699 463013699 17.7478
48982874 48891719 4.22148
49150146 48891719 2.4124
275960347 48891719 11.71424
4614719310 4614719309 4.4292
49257047 4614719310 1.97148
4614719311 4614719310 8.50752
49314838 4614719310 1.843
49314833 4614719311 1.84464
49257046 4614719311 1.95584
463013715 463013712 8.3596
49468252 49678161 13.18272
49678161 3153740639 4.44556
3153740639 49678161 4.4016
49022802 1199494121 11.52844
49022802 49024034 9.33876
1921907895 49022802 5.47568
796651394 5884020557 0.32544
5884020557 796651395 0.6566
2667400782 5884020557 3.88056
2667400772 5884020557 1.63816
5884020563 5884020562 0.59976
5884020562 2667400733 1.98864
5884020564 5884020562 1.34396
463013743 463013715 6.78316
1334323791 463013715 5.38796
796651385 5884020564 0.59264
3528979299 5884020564 3.9646
5884020996 5884020564 4.78996
5884020563 796651385 1.36484
5884020560 5884020563 2.06052
49108746 49153880 6.97016
49153880 49562095 4.0214
49153880 49153882 2.04584
49064433 49153880 2.65192
5716915515 49153880 4.55536
2667400725 5884020560 2.95312
2667400733 5884020560 0.57544
2667400761 5884020560 8.136
49413997 49153882 3.79436
49153882 3639885663 9.15208
1509220028 49350489 1.4546
49204063 49350489 8.21516
49065961 49350489 9.8106
461827516 463013723 6.87656
49083768 49350491 12.021
49350493 49350491 3.12548
1739952973 49350491 3.30332
49083769 49350493 12.00864
49340406 49350493 3.46596
49064363 49088349 13.76848
49538754 49416032 5.10616
49416045 49416032 14.8506
49070273 49416032 4.71548
461827513 463013727 7.97244
463013731 463013729 5.51728
5884020578 796651394 0.62944
796651395 5884020578 0.31316
463013757 463013731 20.2046
463013735 463013731 6.67332
463013735 463013732 10.32572
1334323791 463013735 3.36976
463013758 463013735 7.99016
4598552232 49088360 1.80972
2990326433 49088360 1.36668
49389408 49088360 7.90372
49121972 49088360 19.42732
49392299 49219431 1.77124
49392297 49219431 1.8684
49219437 49219435 1.8034
49129666 49219435 2.03432
3572088804 49219435 6.9498
3572088802 49219437 6.28428
49485097 49219437 8.11212
49322114 49350510 17.41108
49661752 49350510 3.74284
49083767 49350510 7.23656
463013753 463013743 3.07644
49082932 463013743 3.54
463013747 463013745 2.30108
49159288 49416051 3.22388
463013754 463013747 2.84568
463013766 463013747 2.43752
463013750 463013748 4.77792
463013766 463013750 2.98212
463013753 463013750 8.9408
463013753 463013751 2.76796
49088376 49088375 3.63052
49551761 49088375 15.20464
49527224 49088375 11.50916
463013757 463013754 2.55
463013771 463013754 12.15068
49088378 49088377 7.425
49471620 49088377 7.89084
49471625 49088377 7.9284
49551751 49088378 11.3658
49242967 463013757 2.63344
49527226 49088376 1.33764
49527224 49088376 7.87368
49114780 49416064 5.21828
49108802 49219461 4.66084
49758827 49219461 2.4298
48972962 49219461 3.19908
49091985 49219461 7.21484
463013775 463013766 3.45364
49108802 49219462 6.07568
49051369 49219462 3.33744
4017489800 49269968 2.0124
49269968 4017489800 2.10344
49269964 4017489800 4.17568
463013771 463013769 0.89032
463013775 463013771 6.61016
463013775 463013773 3.40892
49051393 49219469 3.39648
49219471 49219469 4.2744
371168483 49219469 1.71284
295176079 48895824 15.69876
295176079 295177209 25.52872
49013024 295176079 16.15916
49219472 49219471 1.30764
49219474 49219472 5.02164
49436223 49219472 0.9428
49581731 49219474 2.43248
49219476 49219474 1.10912
463013782 463013780 4.06276
49219476 49436234 10.06556
463013813 463013782 3.00192
463013810 463013782 3.60716
3357960340 463013782 2.46604
463013785 463013783 9.3652
49219483 49219481 2.88724
49051381 49219481 3.37052
49219495 49219481 0.59856
463013807 463013785 3.19236
463013788 463013785 7.09884
463013788 463013786 10.74288
49219484 49219483 4.1902
49508234 49219483 6.51864
463013791 463013788 3.3204
463013791 463013789 3.48928
1188763134 49219484 3.78644
49051396 49219484 2.877466667
463013794 463013791 10.5424
463013797 463013791 3.66884
49219489 49219487 4.25256
49219487 1188762471 0.628555556
49007527 49219489 4.26476
49051386 49219489 3.40668
463013797 463013795 5.94996
463013799 463013797 8.37852
1228913673 463013797 2.36592
49093075 49612709 2.04668
463013802 463013800 5.6524
48871305 49219495 4.68352
463013804 463013802 9.9626
1228913689 463013802 2.45376
48871304 49219498 4.02472
463013806 463013804 2.11296
1228913644 463013804 2.53716
49220631 280496046 7.1598
463013807 463013810 6.931
463013810 463013807 15.64084
49088435 49088432 4.67448